[gd_scene load_steps=8 format=2]

[ext_resource path="res://Scripts/Section.cs" type="Script" id=1]
[ext_resource path="res://Scripts/Pitcher.cs" type="Script" id=2]
[ext_resource path="res://models/instruments/harp.glb" type="PackedScene" id=3]
[ext_resource path="res://Scenes/TempoChanger.tscn" type="PackedScene" id=4]
[ext_resource path="res://prefabs/chair_sections.tscn" type="PackedScene" id=5]
[ext_resource path="res://Scripts/InstrumentCollider.cs" type="Script" id=6]

[sub_resource type="BoxShape" id=1]
extents = Vector3( 1.37593, 2.29147, 1.08575 )

[node name="SectionHarp" type="Spatial"]
transform = Transform( 0.965926, 0, -0.258819, 0, 1, 0, 0.258819, 0, 0.965926, -1.2, 0, -8 )
script = ExtResource( 1 )
instrument = 11
axis = 2

[node name="AudioStreamPlayer" type="AudioStreamPlayer" parent="."]

[node name="Pitcher" type="Node" parent="."]
script = ExtResource( 2 )

[node name="TempoChanger" parent="." instance=ExtResource( 4 )]
transform = Transform( 0.700598, 0, 0.713556, 0, 1, 0, -0.713556, 0, 0.700598, -6.75721, 0, -2.40053 )

[node name="harp" parent="TempoChanger" instance=ExtResource( 3 )]
transform = Transform( -0.0217206, 0, -2.37037, 0, 2.37046, 0, 2.37036, 0, -0.0217208, 0.314285, -6.03497e-07, 0.540636 )

[node name="chairs" type="Spatial" parent="."]

[node name="chair_sections" parent="chairs" instance=ExtResource( 5 )]
transform = Transform( 1, 0, 0, 0, 1, 0, 0, 0, 1, -7.74806, 0, -3.40954 )

[node name="InstrumentCollider" type="RigidBody" parent="."]
transform = Transform( 0.707107, 0, 0.707107, 0, 1, 0, -0.707107, 0, 0.707107, -6.17585, -4.76837e-07, -2.24079 )
mode = 3
contacts_reported = 20
contact_monitor = true
script = ExtResource( 6 )

[node name="CollisionShape" type="CollisionShape" parent="InstrumentCollider"]
transform = Transform( 1, 0, 0, 0, 1, 0, 0, 0, 1, -0.44149, 2.67871, 0.737664 )
shape = SubResource( 1 )

[node name="Area" type="Area" parent="InstrumentCollider"]
collision_layer = 2
collision_mask = 2

[node name="CollisionShape2" type="CollisionShape" parent="InstrumentCollider/Area"]
transform = Transform( 1, 0, 0, 0, 1, 0, 0, 0, 1, -0.44149, 2.67871, 0.737664 )
shape = SubResource( 1 )
[connection signal="area_entered" from="InstrumentCollider/Area" to="." method="AreaEntered" binds= [ "Body" ]]
[connection signal="area_exited" from="InstrumentCollider/Area" to="." method="AreaExited" binds= [ "Body" ]]

[editable path="TempoChanger"]
