[gd_scene load_steps=8 format=2]

[ext_resource path="res://Scripts/PlayerSection.cs" type="Script" id=1]
[ext_resource path="res://Scripts/Pitcher.cs" type="Script" id=2]
[ext_resource path="res://models/instruments/horn.glb" type="PackedScene" id=3]
[ext_resource path="res://prefabs/chair_sections.tscn" type="PackedScene" id=4]
[ext_resource path="res://Scripts/InstrumentCollider.cs" type="Script" id=5]
[ext_resource path="res://Scenes/TempoChanger.tscn" type="PackedScene" id=6]

[sub_resource type="BoxShape" id=1]
extents = Vector3( 4.19102, 1.39866, 1.90132 )

[node name="SectionHorn" type="Spatial"]
script = ExtResource( 1 )
instrument = 2
axis = 2

[node name="AudioStreamPlayer" type="AudioStreamPlayer" parent="."]

[node name="Pitcher" type="Node" parent="."]
script = ExtResource( 2 )

[node name="chair_sections" parent="." instance=ExtResource( 4 )]
transform = Transform( 0.795516, 0, 0.605933, 0, 1, 0, -0.605933, 0, 0.795516, 9.47589, -0.608495, -11.6347 )

[node name="TempoChanger" parent="." instance=ExtResource( 6 )]
transform = Transform( 0.927334, 0, -0.374234, 0, 1, 0, 0.374234, 0, 0.927334, 9.16427, 0, -11.2003 )

[node name="Horns" type="Spatial" parent="TempoChanger"]
transform = Transform( 0.927337, 0, 0.374232, 0, 0.999999, 0, -0.374234, 0, 0.927333, -4.3068, -3.03984e-06, 13.816 )

[node name="horn" parent="TempoChanger/Horns" instance=ExtResource( 3 )]
transform = Transform( 0.608868, 2.46981, -0.401366, -1.7836, 0.138671, -1.85238, -1.75494, 0.715954, 1.74337, 8.54472, 1.66167, -10.2153 )

[node name="horn2" parent="TempoChanger/Horns" instance=ExtResource( 3 )]
transform = Transform( 0.771759, 2.39122, -0.564094, -1.7836, 0.138671, -1.85238, -1.68965, 0.945825, 1.69772, 10.4887, 1.66167, -8.64997 )

[node name="horn3" parent="TempoChanger/Horns" instance=ExtResource( 3 )]
transform = Transform( 0.259194, 2.56149, -0.0578142, -1.7836, 0.138671, -1.85238, -1.83939, 0.226483, 1.78805, 5.96756, 1.66167, -11.1386 )

[node name="InstrumentCollider" type="RigidBody" parent="."]
transform = Transform( 0.906654, 0, -0.421875, 0, 1, 0, 0.421875, 0, 0.906654, 9.02727, 1.88602, -10.8899 )
mode = 3
contacts_reported = 20
contact_monitor = true
script = ExtResource( 5 )

[node name="CollisionShape" type="CollisionShape" parent="InstrumentCollider"]
transform = Transform( 1, 0, 0, 0, 1, 0, 0, 0, 1, -0.270561, 0.193231, 1.60808 )
shape = SubResource( 1 )

[node name="Area" type="Area" parent="InstrumentCollider"]
collision_layer = 2
collision_mask = 2

[node name="CollisionShape2" type="CollisionShape" parent="InstrumentCollider/Area"]
transform = Transform( 1, 0, 0, 0, 1, 0, 0, 0, 1, -0.27056, 0.193231, 1.60808 )
shape = SubResource( 1 )
[connection signal="area_entered" from="InstrumentCollider/Area" to="." method="AreaEntered" binds= [ "Body" ]]
[connection signal="area_exited" from="InstrumentCollider/Area" to="." method="AreaExited" binds= [ "Body" ]]

[editable path="TempoChanger"]
